% Model:              VLR_3_01V03.mph
% Version:            COMSOL 5.5.0.292
% Date:               Jun 28 2020, 18:35
% Dimension:          2
% Nodes:              922
% Expressions:        1
% Description:        Electric potential
% Length unit:        cm
% x                       y                        V2 (V)
-10.880464835697298       -19.23690301683158       0
-13.516031337606282       -21.03133131498918       0
-10.385388384022583       -22.74079392002418       0
-13.489741780436127       -17.608331736698965      0
-16.371526566290242       -18.893732238212028      0
-8.010560852836107        -20.623630771694955      0
-7.043330090240313        -23.987319592649687      0
-3.557875420694941        -24.745535405216323      0
-5.128451306929947        -21.526468677827555      0
-18.89374483697484        -16.37151202654435       0
-15.762491446996101       -15.224271258092733      0
-17.774264821658637       -13.159837640147776      0
-21.031341716281908       -13.516015152883632      0
-1.9509058763446225       -22.20313884955088       0
0                         -25                      0
3.5578690295654836        -24.745536324122355      0
1.1393613330558694        -22.096448625788508      0
-19.66565864100783        -10.413103282720481      0
-22.740801912112122       -10.385370883799835      0
-20.829958412790603       -7.570893678994098       0
-23.987325354462897       -7.043310467325805       0
-21.662317484674645       -4.596496475729227       0
-24.745536324122355       -3.5578690295654836      0
-21.657161432106783       4.813077916568071        0
-23.987319592649687       7.043330090240313        0
-24.745535405216323       3.557875420694941        0
-22.143751181082337       -1.5073463380773244      0
-25                       0                        0
-22.146770270147424       1.6343208452858236       0
-20.610512233774504       7.784491301237908        0
-22.74079392002418        10.385388384022583       0
-19.260410591417685       10.702956448259433       0
-21.03133131498918        13.516031337606282       0
4.349303290214941         -21.658057793072828      0
7.043310467325805         -23.987325354462897      0
10.385370883799835        -22.740801912112122      0
7.366697013576267         -20.771672815313742      0
-18.893732238212028       16.371526566290242       0
-17.206409569735808       13.46226409443024        0
-16.37151202654435        18.89374483697484        0
-15.278460780234916       15.703527391294395       0
-13.516015152883632       21.031341716281908       0
-12.829990976832658       17.714223484499065       0
-10.385370883799835       22.740801912112122       0
-10.212101939897153       19.43587743573356        0
10.443436044630852        -19.3865654216012        0
13.516015152883632        -21.031341716281908      0
16.37151202654435         -18.89374483697484       0
12.858546814994662        -17.57665814744752       0
15.434068490744062        -15.561050924388498      0
18.893732238212028        -16.371526566290242      0
17.643667854654463        -13.337496270956237      0
21.03133131498918         -13.516031337606282      0
-7.043310467325805        23.987325354462897       0
-7.326687864482455        20.5526247230945         0
-3.5578690295654836       24.745536324122355       0
-4.360809296256106        21.63267709568803        0
19.21669047093867         -10.706631427213672      0
22.74079392002418         -10.385388384022583      0
23.987319592649687        -7.043330090240313       0
20.34427227675497         -8.044146391917275       0
22.740801912112122        10.385370883799835       0
21.031341716281908        13.516015152883632       0
19.55306968900427         9.933205225596222        0
23.987325354462897        7.043310467325805        0
20.751890260239012        7.273203720919168        0
24.745536324122355        3.5578690295654836       0
21.454728283195756        4.216410484967549        0
24.745535405216323        -3.557875420694941       0
21.439864733045013        -5.055225788627538       0
25                        0                        0
21.861948867956567        1.1341807615305062       0
21.832785985667076        -2.009169637584849       0
0                         25                       0
-1.3086832365762728       21.80199050174269        0
1.7366701304456431        21.98350363783005        0
3.557875420694941         24.745535405216323       0
4.86493930125268          21.535963162256696       0
7.043330090240313         23.987319592649687       0
10.385388384022583        22.74079392002418        0
8.109101833351685         20.48565686499345        0
13.516031337606282        21.03133131498918        0
10.733235702214193        19.061904248563074       0
16.371526566290242        18.893732238212028       0
13.291411115494894        17.317426740138377       0
18.89374483697484         16.37151202654435        0
15.523253534941977        14.750579134397082       0
17.634670739230927        12.71623844479075        0
-8.552852126023282        -17.7932078563309        0
-10.691369260022704       -16.028150950570616      0
-13.074243438028752       -14.646232236864398      0
-7.234118003101768        -14.39659800581446       0
-5.557970612022328        -18.381707554212802      0
-3.2688049867024076       -19.62148305763022       0
-14.532230933998685       -11.765651146831251      0
-17.042880025277483       -10.371682109240353      0
-10.916795376849006       -12.487632850883411      0
-6.022317450614485        -11.71241770758323       0
-8.288190367920402        -11.12389972944294       0
-3.786265043693908        -13.06026132495936       0
-4.276858541225948        -10.762742999711449      0
-3.0661046991969356       -16.33560449647198       0
-0.41095725248955983      -19.218375669535526      0
2.38597230703059          -19.657028483792764      0
-6.199131326972167        -9.871509155659279       0
-4.5539021744498545       -8.99678889929096        0
-3.0674471197136075       -9.525318402522657       0
-12.554978726531205       -9.114491998376472       0
-18.919673081196116       5.666877027688303        0
-17.794586412423058       -7.665356352705429       0
-15.04135416740926        -8.14654274940353        0
-19.129060672063062       -5.321724611683802       0
-19.13826826950788        -2.577831575766178       0
-19.16607429950745        2.8902798332355593       0
-20.13207197617033        0.0790156027878093       0
-7.736822580752572        -8.673791357472032       0
-9.847681585556904        -9.195294865576116       0
-10.761963460196363       -6.91829011096713        0
-16.32217959693989        10.842405103967785       0
-17.063741060655232       8.05339198695588         0
-2.0458114293741447       -11.390369680988924      0
-0.7539623349649077       -13.459197046828987      0
1.6134944579811228        -16.38702460200191       0
5.062977621295996         -18.384596250126716      0
7.78432703658615          -18.136197548651992      0
-1.487238845338636        -9.496523102748364       0
-5.8607792560331555       -8.017076750169279       0
-3.487126673117614        -8.288980773152554       0
-4.432070129636633        -7.515105314530538       0
-2.370873673068009        -8.31348683695425        0
-1.215649680598854        -8.037437418964025       0
-12.861311730801855       -5.998973406523756       0
-16.090741932948685       4.766556010233994        0
-15.860417997581532       -4.084619363164076       0
-16.810761230334116       0.55786522207175         0
-6.9501831128557585       -6.655914674996939       0
-8.754379340286393        -6.8499653777205864      0
-9.575818087431987        -5.496804104264131       0
-10.977611290569834       -4.854210913341719       0
-14.13792223726063        9.490788983783029        0
-13.837726013355134       12.553520553838451       0
-12.531393856729494       15.225884811733522       0
-14.14957932962116        7.085066250568804        0
-11.996826578016012       8.143037255048128        0
-9.876748633476877        16.389657250616313       0
-7.714583730152555        18.119458042740778       0
14.712991856639594        -12.827610462701863      0
9.527164461680764         -16.153285158510496      0
12.318255903226659        -14.531301355158963      0
0.5032476496246459        -10.500353548605867      0
2.2576650548697734        -13.081568627945886      0
5.970579417229987         -14.899347497892402      0
2.8758437104966155        -10.81231789655908       0
-0.15083416161041585      -8.759966629489533       0
0.9782026101285232        -8.907999043662086       0
-0.27693950252407895      -7.653439476345568       0
-5.292566083770707        -6.3893511357642545      0
-3.0808506686482797       -7.203110200478811       0
-3.8378511531482613       -6.214630141949876       0
-1.9334837452833102       -7.090096901669124       0
-0.8966526185279368       -6.891440830082132       0
-12.539084872000771       -3.3915972725832884      0
-13.413215350135827       5.0991821435384255       0
-13.748359365379825       2.9117900954116873       0
-13.539394771243144       -0.08013404823654553     0
-6.049221317502476        -5                       0
-7.999999999999999        -5                       0
-9.428190975142446        -3.958909519677947       0
-10.649439461970353       -3.2987769596682344      0
-11.457480844976349       10.267312752319107       0
-9.96623793420264         13.009428857438031       0
-12.045147295729336       6.2475372916439404       0
-10.676155430785013       7.056842137872693        0
-10.05648649209617        8.435612794006184        0
16.57716397412234         -11.078675332063044      0
-4.94562464512236         18.490249086188978       0
-2.4664103440193714       19.649942374467262       0
-5.9937738096498006       14.865650052050244       0
14.329658897151829        -10.097711342733424      0
11.95445757900798         -11.701489914820128      0
9.422306198901026         -13.367713429787734      0
2.145079498612091         -9.35403092973179        0
4.886141611860681         -11.754946160013544      0
7.185463832580058         -12.06449990691926       0
4.459077086089307         -10.106491039855307      0
3.390311976577528         -9.418131032609534       0
0.6274737577419566        -7.873599566069867       0
1.7656724265163917        -8.064010371606365       0
0.1934144122047893        -6.873343499599635       0
-4.494762312423499        -5                       0
-2.5766637029265755       -6.086134761591388       0
-3.169270010034951        -5                       0
-1.4602121279302036       -6.008971361944139       0
-0.3525889268726963       -5.960597869096101       0
-11.080077007571225       -1.4549537857548784      0
-11.828795621197987       4.291014885658491        0
-11.695733338363898       2.2642900255323837       0
-10.873332756238758       0.46436779713120063      0
-7.999999999999999        -2.866186000034344       0
-9.393589893004663        -2.176515308305108       0
-8.866656957100894        10.112278496297641       0
-7.19988542412993         11.651698085210946       0
-10.293594188587818       5.539649045613993        0
-8.988722599495732        6.918374303051218        0
-7.953997763310461        8.292432209330425        0
16.94671166572686         9.946163276124889        0
16.98281079122713         -8.423927156710029       0
18.770257896480054        -5.968367410374539       0
17.509236372851394        7.262219881986996        0
19.09653220918787         4.915052573671542        0
19.15966619988155         1.9941821490225626       0
19.05987613573579         -3.281664396389382       0
19.745780239744413        -0.6167134993584537      0
0.23094980601873474       19.06761448607524        0
3.0749394912837755        19.74991827168934        0
5.667718911627035         18.263845230883742       0
8.72850024682754          17.902502485897827       0
10.70848392241697         15.810267093061473       0
12.962696809773897        14.236879002709212       0
14.412083541371034        11.19544607263385        0
-1.8114828261738714       16.12114222909307        0
-4.882880397494664        11.748539940621324       0
-2.5595714307751614       12.961777552665549       0
14.11076067321779         -7.674536744461805       0
11.66861668297873         -8.966645589524461       0
9.274915935150048         -10.417957309014332      0
3.193950356184562         -8.136685293909249       0
6.334598105477738         -9.943994455090795       0
4.794163544998102         -8.749864069500003       0
1.2553267617365305        -6.982838375716013       0
2.3663900209598925        -7.049321350203061       0
0.7456455608733661        -5.989831522950696       0
-1.978314514974764        -5                       0
-0.8888290779390071       -5                       0
0.1911002900828147        -5                       0
-9.502196077888817        -0.22742220825378584     0
-9.912429672079144        3.6276583586891773       0
-9.663948640761769        1.6896987259302478       0
-7.999999999999999        -0.8992385133983061      0
-6.3543566671918335       9.939653529033343        0
-4.445283508860509        10.167359968005346       0
-7.999999999999999        5                        0
-7.1272662582760065       6.549828776765035        0
-6.143541355371804        7.807544274449345        0
14.638954484760735        7.118755610138164        0
16.057828610011775        -5.0394021037211765      0
16.286648039010064        3.4645138830100146       0
16.833919629215735        -0.9078598744050872      0
2.9982973615978663        16.002734361114175       0
7.677784944811415         14.089065018859062       0
10.87825193464461         12.110675973315292       0
12.089241544840851        8.953801507164673        0
1.0118675066665164        12.819089375399212       0
-2.794489222062573        10.756551492987718       0
-0.7594254779328434       10.981241709680852       0
0.8505366335602518        10.460077130899807       0
13.567787537759079        -5.411608165974104       0
11.965276345032617        -6.7925641122724105      0
9.613377163378594         -8.39073891052727        0
10.54413774396128         -7.268798859598766       0
7.819147163965126         -8.387628605123314       0
3.4152183796583255        -6.908071134731383       0
4.519071377889357         -7.4137083680904965      0
6.069615271921425         -8.045068046172242       0
1.8108401495946127        -5.999422041162485       0
2.9481352563428533        -5.9624109064397075      0
1.2710760184761858        -5                       0
-7.999999999999999        1.0311486875842422       0
-7.999999999999999        2.978149694898267        0
-4.711394901238832        8.810305946631784        0
-3.5512413104001523       9.433423462469262        0
-4.478841676316051        7.356136846370143        0
-6.198438240453398        5                        0
-5.476820299354305        6.28071852839945         0
12.259029512907551        6.486056931843424        0
13.164471467058764        3.7234911781102538       0
13.902562817340689        -3.025772122054681       0
13.603755910114373        0.1457556625456723       0
4.580718763404436         12.169149712576216       0
6.848324784679718         11.6450742275563         0
8.587423342220571         11.058063387779875       0
9.73083864789617          9.148992570556915        0
10.526620366397632        7.017080083333075        0
-2.5251616047213767       9.26815773225208         0
2.703011783427429         10.519461279004942       0
-1.2865923687568905       9.656993964272445        0
1.8876856349323008        9.227585854889417        0
0.2216960137707967        9.23296074186037         0
11.817701585871061        -4.519550679808678       0
10.406371100488245        -5.744401612223453       0
8.931869354594117         -6.999387014236698       0
7.001584770688087         -6.5858422257150355      0
4.150027739080679         -6.17952457846277        0
5.480149984731473         -6.374401003715372       0
2.36949574117664          -5                       0
3.5313471662330875        -5                       0
-3.295104889292651        8.157717599463265        0
-3.4770473401240545       6.879714902277821        0
-4.216244096900651        6.085514509315147        0
-4.761981201536465        5                        0
10.934052257715345        4.964095232738066        0
10.79340777552608         3.1860257859296657       0
11.386053132148689        1.3217630367617537       0
11.742096411859723        -2.356259370250461       0
10.936274658260292        -0.5100505297253237      0
6.310972610973782         10.239183917093776       0
4.429939794512197         9.832099760724482        0
7.657508638682142         8.722296952112684        0
8.636767870821572         6.969893892095365        0
9.509792364204293         5.579640365600008        0
-1.9203306765037902       8.239696759715159        0
3.457322367488876         8.608765839540517        0
2.2759693890042594        7.997985097578432        0
-0.7212856822131094       8.193139478274682        0
1.2880984977805894        8.159594828262543        0
0.2592680582605273        7.916063926599209        0
9.89512227202079          -3.6975215558042853      0
7.999999999999999         -5                       0
6.198438240453398         -5                       0
4.761981201536465         -5                       0
-2.4253580193150186       7.094058326302425        0
-2.9606186540255086       5.958373156761246        0
-3.5313471662330875       5                        0
9.451521266557743         3.947133321147355        0
9.471542671951779         2.0907700815676105       0
9.555723593931202         0.3111306400005859       0
9.547319829319905         -1.7144043937833924      0
5.495698254649642         8.254255344436007        0
6.901734000005525         6.707084311103793        0
7.999999999999999         5                        0
-1.336908671062912        7.085396032235742        0
4.271273637488837         7.213316112397745        0
3.0477913804375314        7.154377988778214        0
1.8354829346787973        7.043249196456776        0
-0.2829803400747897       6.997754167999787        0
0.7963692869130417        7.023731289695647        0
7.999999999999999         -2.978149694898267       0
-1.8562094794472535       6.025934845166739        0
-2.36949574117664         5                        0
7.999999999999999         2.866186000034344        0
7.999999999999999         0.8992385133983061       0
7.999999999999999         -1.0311486875842422      0
5.373262691722829         6.386898466858279        0
6.049221317502476         5                        0
-0.7727015187030691       6.019674447281063        0
3.843620194315712         6.094136114088682        0
2.539817210484075         6.043301463474079        0
1.3759595380919032        6.016184344872391        0
0.3023870327412219        6.009541273983174        0
-1.2710760184761858       5                        0
4.494762312423499         5                        0
-0.1911002900828147       5                        0
3.169270010034951         5                        0
1.978314514974764         5                        0
0.8888290779390071        5                        0
-1.0747233998921646       -1.0908941011218527      0
-0.8121419375689332       -1.015098750487744       0
-1.0150967732639735       -0.812144408900947       0
-1.1685718346917835       -0.5695962316984536      0
-1.2741923579517498       -0.8521089246604931      0
-1.265080931057778        -0.29928287267063247     0
-1.438877818109315        -0.5862136125839118      0
-0.8171428540837102       -1.2827977979305965      0
-0.5695934418672218       -1.1685731945333384      0
-0.5344552869847765       -1.4318471803050072      0
-0.2992928754872609       -1.265078564628524       0
-0.21817477860697185      -1.5400567160134953      0
0                         -1.3                     0
0.1596230178404407        -1.5838771731673016      0
0.29928287267063247       -1.265080931057778       0
0.5194973258587259        -1.459687004388554       0
0.5695962316984536        -1.1685718346917835      0
0.8211694886477916        -1.2928496473874618      0
0.812144408900947         -1.0150967732639735      0
-1.3                      0                        0
-1.545795448942512        -0.10268393254191023     0
-1.265078564628524        0.2992928754872609       0
-1.5268420874089144       0.21031649853076434      0
1.0739368121030783        -1.0775599661930175      0
1.015098750487744         -0.8121419375689332      0
1.285557477003317         -0.8242239186925496      0
1.1685731945333384        -0.5695934418672218      0
-1.4344940537451245       0.5265910671001912       0
-1.1685731945333384       0.5695934418672218       0
-1.2817318539334606       0.8176449477802064       0
-1.015098750487744        0.8121419375689332       0
1.432413445790258         -0.5327120862927226      0
1.265078564628524         -0.2992928754872609      0
-1.0759845072697685       1.0543181792492542       0
-0.812144408900947        1.0150967732639735       0
-0.8432809091077653       1.2497796597123558       0
-0.5695962316984536       1.1685718346917835       0
1.5205158110721815        -0.2168098854247688      0
1.3                       0                        0
-0.29928287267063247      1.265080931057778        0
-0.571776889473148        1.4296841866255834       0
1.5411980621758192        0.10584467591454319      0
1.265080931057778         0.29928287267063247      0
0                         1.3                      0
-0.10318115028280861      1.5337082713507542       0
1.1685718346917835        0.5695962316984536       0
1.4321976702376977        0.575975682353634        0
0.2992928754872609        1.265078564628524        0
0.21322078443185744       1.5195655894320022       0
1.270572563986752         0.8336252805877692       0
1.0150967732639735        0.812144408900947        0
0.5268576620603851        1.4174576226532025       0
0.5695934418672218        1.1685731945333384       0
0.8142436798897532        1.2683909138093576       0
0.8121419375689332        1.015098750487744        0
1.06510693014709          1.0679354958860257       0
-0.5950183049836963       -0.9249686722330012      0
-0.7461277807862068       -0.7519996552986813      0
-0.9198555668279922       -0.5902350642661739      0
-0.9761430245376065       -0.3512790728936642      0
-1.0829777693593328       -0.12182126318962878     0
-0.37006933115654095      -0.9829207099812051      0
-0.14328660331475673      -1.0755560567406413      0
0.10477186472521977       -1.0326516233570444      0
0.519034747174284         -0.8951307653811951      0
0.34521695571102284       -1.0233209413613051      0
0.732436035656041         -0.7439418340802044      0
-1.030397523950679        0.12164311152784901      0
-1.0322919170847698       0.3716372202858146       0
0.8961577911891249        -0.5573551321853456      0
1.031937018422982         -0.3820590228478341      0
-0.8767559532984908       0.5627385724553654       0
-0.7614338315636808       0.7755349191807483       0
1.0530619218922022        -0.15490702188708197     0
-0.5564634128892808       0.8790889499965424       0
-0.3580472421090566       1.0350308517381508       0
1.077121327459703         0.08556816649343657      0
-0.10986743023708517      1.0342678182926595       0
0.9815580256749015        0.32010498675223203      0
0.13571260396569929       1.0906403003056864       0
0.9273023611540537        0.556462045454877        0
0.356760528317476         0.9732237046711574       0
0.742795856039205         0.7157502255961016       0
0.5930914163601668        0.9028072543413492       0
-5.303701302746582        -3.6484873765299355      0
-6.714520154294987        -3.7586878830389523      0
-3.8420919108452662       -4.008994083063525       0
-2.5484832247917812       -4.108914400064212       0
-4.047911081492801        -2.8890761704299983      0
-5.0099718954593335       -2.3699203071174892      0
-6.439358640616518        -2.2313900120701478      0
-2.978006156226377        -3.1334991262091703      0
-1.8816540455888802       -3.3387214811050163      0
-1.4434593501216175       -4.125112135251357       0
-0.33392177029803066      -4.071355685735295       0
0.8303763282731296        -3.931807920047848       0
-3.2777614834826068       -2.109258738169925       0
-4.141734486927395        -1.7651801077600142      0
-5.168689932213539        -1.2845226033576043      0
-6.323934614914398        -0.07634202614417986     0
-4.986793319989263        -0.15980235187480324     0
-6.866619142785941        3.7140768961269015       0
1.918663687571174         -4.053107662899062       0
-2.259978283437639        -2.3460004412937074      0
-2.6556970346181323       -1.5906962920898189      0
-1.442749871658824        -2.6205777635420677      0
-0.8592576195431271       -3.191448665093013       0
-0.876458698791215        -2.5574890863620126      0
0.15496690759281354       -3.1706349074205185      0
0.8855342134469082        -3.16408412653892        0
1.517582650394452         -3.2846678366946485      0
-3.2280105315772216       -1.1601314964611602      0
-2.6211815670787186       -1.1069856083884546      0
-4.114121034158086        -0.7807108405028886      0
-2.7946280808360444       -0.7523442689419155      0
-4.067407833040481        0.25657228249060615      0
-2.222991524693301        -1.2138375028200221      0
-6.506118200796503        2.0329239209773178       0
-5.259813185619813        1.0859914281400505       0
-5.628539272679807        3.559310864758921        0
-3.995274703185721        1.1329389879451304       0
-4.434941190839866        1.730165585676708        0
2.952551166076186         -4.0479601103824745      0
4.081287024688956         -4.02218130174082        0
2.4342207544416574        -3.081077266285768       0
-2.0226034946646          -1.6369496667545347      0
-1.561967086743235        -1.9932929137078905      0
-1.073569388353457        -2.1637611451936802      0
-0.6715398930159613       -2.2398989963905462      0
-0.33133121129915855      -2.596185844307618       0
0.20891974990688997       -2.525165485871308       0
0.681555839320867         -2.7117430326710803      0
1.1689431853326504        -2.795745897730588       0
1.7254165543903532        -2.5266457523212082      0
0.5795649144616962        -2.317414116867332       0
-2.3811193000466617       -0.8034904358819569      0
-3.206633506082352        -0.3485901311130267      0
-3.1158379244735013       0.33266003235795233      0
-2.5612232977262614       -0.4084512674860338      0
-3.3415909444925966       0.9083386844169742       0
-2.855239592241918        0.7102782835788102       0
-1.7807818194207066       -1.1813419068847733      0
-1.971135710348507        -0.842431682856287       0
-4.956149704884006        2.5125001273238943       0
-3.897790943387595        2.131722016973437        0
-4.345132595753013        3.7629583235712367       0
-3.2934732161715976       1.5509388082920657       0
6.599693384413069         -3.5104019379088616      0
5.303765697259322         -3.8026167342777137      0
3.431062366306007         -3.127752809189113       0
4.457662529791839         -2.9799699620943865      0
2.9295782419327137        -2.351283295415552       0
2.3161391176393398        -2.3002249271414623      0
-1.4977634020741821       -1.5205365136162161      0
-1.128355720364372        -1.7615740460153861      0
-0.7327456675901314       -1.9322240362440501      0
-0.3495285433336623       -2.105827568873583       0
-5.843970691587789E-4     -2.201644302683424       0
0.34748329135395295       -2.106021763513316       0
1.993849547401724         -1.9894663202217233      0
1.0889320371515343        -2.295640990590845       0
1.5504294796043139        -1.9338898502328672      0
0.7448010218499423        -1.972710624431923       0
-2.1168960945071498       -0.5002179684247815      0
-2.673436036361506        0.04807703418931651      0
-2.659111679316461        0.42581980652059964      0
-2.208009346419266        -0.1265242651990142      0
-2.797740200005346        1.146894769328714        0
-2.4335972148507983       0.7561737823036143       0
-1.3791279038819058       -1.1558259980944627      0
-1.603591511827875        -0.8703297987352224      0
-1.7510390858929172       -0.564798211162312       0
-3.745724143996961        3.021117093656896        0
-3.082458062724245        2.2810668165297407       0
-3.093021774332517        3.944170393739801        0
-2.646000742709053        1.704750308214759        0
6.698725642407193         3.7066247282931224       0
6.569055455229152         -1.8032571364179673      0
5.526900913536547         -2.4783880618592145      0
3.730511827953051         -2.2858783443604676      0
4.490792526541595         -2.0473557123090664      0
3.19182984953525          -1.5959599953141965      0
2.472510152146055         -1.7202241967203435      0
-1.1144152482553367       -1.3995920882776707      0
-0.7980071982101886       -1.5910672022679917      0
-0.45860430469018         -1.7396801727320437      0
-0.11585158908082432      -1.8445651415834592      0
0.17054626641530582       -1.9023097939095397      0
0.46206100903211855       -1.7754405886001994      0
1.9103048773124316        -1.5298014071532824      0
1.1198586764140168        -1.7741115687345215      0
1.4617411569231131        -1.4859003913686528      0
0.8099086740234449        -1.6134200977200013      0
-1.8289497677087314       -0.25568912763697815     0
-2.217447628654584        0.2819099001733051       0
-1.8501032535573632       0.07522583799108655      0
-2.216539489566112        1.250888749166059        0
-2.0105371561198253       0.7677730716303954       0
-1.5757863754046106       -0.3649495398958501      0
-2.5024918152919877       3.03130235209758         0
-2.4093878811465497       2.2466798939267827       0
-1.9429133750289045       4.100101726871365        0
-2.0734127056201554       1.793415010873874        0
-1.8057030861632124       1.4747144352340824       0
6.275499253876442         2.107399454580333        0
6.16234607165603          0.21829669836944945      0
5.168907640657038         3.5595381868509355       0
5.119339364020234         -1.0435643516683029      0
3.95162541855046          -1.3449611887756876      0
3.2772882693480456        -0.8900304762706315      0
2.7394805009755387        -1.1314999445645553      0
2.830760126356549         -0.6992902054951674      0
2.2244022689280856        -1.1532378584537193      0
1.7776493050361781        -1.155046965547408       0
1.112168238883322         -1.394651472571735       0
1.3867579065568434        -1.1240231394311602      0
-1.7736751833096147       0.4439487749464598       0
-1.748801620969365        1.1125786002333362       0
-1.6054606110853205       0.8008867255292331       0
-1.4991350280637843       3.315627270481887        0
-1.7419716113367456       2.4471058851159095       0
-0.798082158640439        3.9493449669100817       0
-0.8175331286690988       3.2092651529886926       0
-1.5424995134071733       1.821035757353648        0
-1.4576006386896079       1.418898677617946        0
4.823498487027184         2.263973118998708        0
5.089361352662026         1.1905919378230472       0
4.854748389368645         0.17314161069679854      0
3.761032451175492         3.9664708499776378       0
4.022428694442223         2.830435230230835        0
0.2947121514371388        4.08480707480132         0
2.5624484095900737        4.085698144046443        0
1.413591299961936         4.112852097632153        0
3.8917759055693253        -0.26767158401554997     0
3.059683429534134         -0.32323616731846466     0
2.4400923395392473        -0.730256935133275       0
2.6372561841757287        -0.42320904305140616     0
2.011123230460725         -0.7616443342286673      0
2.6238148957420466        -0.05827702300347439     0
1.6115637271202292        -0.8066735585638111      0
-1.3819673806270334       1.0905989106512586       0
-1.0549792279293508       2.7293320535980867       0
-1.111895107898217        2.192348857479508        0
-0.15017155116561726      3.2414920948353165       0
-0.5691378229358373       2.8465192670585044       0
-1.1443304183193126       1.6751642184263817       0
-0.7862152548526506       1.9544139302897408       0
-1.1223018126515512       1.339300143808968        0
4.070204366211941         1.7386487985139778       0
4.010420146110776         0.7702838509454396       0
3.0022091091919583        3.1716315159794695       0
3.30872011238973          2.2823489110642785       0
0.8165498014816901        3.228260339684125        0
1.870167109220933         3.238966906298678        0
3.0973632167501917        0.3967168059916536       0
2.2320276600424966        -0.30890112369277456     0
1.7758808731051428        -0.4423909385759562      0
2.4494671847092615        0.3552493432736118       0
2.1959274734185597        0.10870711073197722      0
-0.5929613692622132       2.3845437624804315       0
0.2522854540053857        2.698648636145108        0
-0.22533287273748848      2.678487306314266        0
-0.4444397599870605       2.0259056030465894       0
-0.8315439810480416       1.5419771172255852       0
-0.5354988474719369       1.72670025149052         0
0.7646147998595166        2.5219467996859053       0
3.054251195540221         1.3905761673156554       0
2.294759336877635         2.283756268438434        0
1.397455994438567         2.5993000066091123       0
2.5179675940016106        0.8478298644179624       0
1.833318546446201         -0.06748975176302796     0
2.105163629122318         0.5048454667134179       0
1.8293429715919998        0.2587062188212794       0
0.3790536380687598        2.308997182331155        0
-0.06667907432916048      2.22123277105197         0
-0.23942918188360537      1.8147990770790485       0
-0.35480884624754844      1.563422131293836        0
0.6909635387405935        2.1849048789175276       0
1.05662146097706          2.1594486299141176       0
2.078811317344915         1.4132100703506145       0
1.6057814646194422        1.919187989002972        0
1.960570805170626         0.8708253369724044       0
1.744393437444997         0.5662984388570991       0
1.5665629507952978        0.3646972702715593       0
0.2737965492691983        2.022889758189692        0
0.5005078992311414        2.034799094974907        0
0.06803258701688253       1.8178254342406208       0
0.7629578759212801        1.901912536785651        0
1.663850039966571         1.0924639233869238       0
1.13091239172355          1.712857696665539        0
1.4962063662593268        1.434743467379086        0
1.5810450502104902        0.8229489045307573       0
0.42466185430724845       1.7549776051637982       0
0.7988140325254538        1.5802799231893014       0
1.3631827840545456        1.1002081489469384       0
1.1114110307666198        1.3607359409793747       0
-0.468557866602169        -0.7198993830080557      0
-0.6673577422047351       -0.4505447884364861      0
0.5091039275183804        -0.6825686509730158      0
-0.7695446209860879       -0.08447966426479281     0
-0.11806620532126795      -0.7835146930947958      0
0.25504494055271626       -0.7554024220388981      0
-0.31228362220243744      -0.4462649600573333      0
-0.47899171349064595      -0.20965571926670076     0
0.6422739040004007        -0.4990201578517027      0
0.3967300102084595        -0.5193480755130788      0
-0.7324922716453589       0.2652295008484401       0
-0.4575696184722421       0.059090044419650545     0
-0.4304135239953983       0.31242113724551         0
0.09818090397948628       -0.4038641238775814      0
-0.18887309949610762      -0.12790583961868496     0
0.8070003113687145        -0.2949238204485613      0
0.4655929372164096        -0.22158544671303948     0
-0.5520655338923424       0.5718070206501483       0
-0.1451024812198543       0.1989308515741316       0
-0.2698388690759575       0.4692438207030156       0
0.17202484584409844       0.026038956068643513     0
0.10641362936352819       0.3091258840292975       0
0.7928773251241759        0.03102519500195821      0
0.49200521779182915       0.10644896165974284      0
-0.24208839527210127      0.7379434085357165       0
-0.04091212435139441      0.4986843421832606       0
0.354535245551649         0.3130025541961047       0
0.19152266099314208       0.5089727161243472       0
0.6749957352228126        0.38376354974504717      0
0.10368877188541943       0.7804860956885615       0
0.433887187007574         0.6435659297437136       0
-3.9440497740762472       -50                      0
-3.9999999999999996       -49.95                   0
-3.9999999999999996       -50.05                   0
-3.888951808229102        -49.949999999999996      0
-3.8872472880758893       -50.05                   0
-3.7585519711298074       -49.949999999999996      0
-3.7546081803647673       -50.05                   0
-3.6195081011525874       -49.95                   0
-3.615630488891391        -50.05                   0
-3.480296251108312        -49.95                   0
-3.4765677777801414       -50.05                   0
-3.3410844010640366       -49.95                   0
-3.3375050666688924       -50.05                   0
-3.201872551019761        -49.95                   0
-3.198442355557644        -50.05                   0
-3.0626607009754854       -49.95                   0
-3.0593796444463943       -50.04999999999998       0
-2.92344885093121         -49.95                   0
-2.9203169333351453       -50.05                   0
-2.7842370008869346       -49.95                   0
-2.7812542222238963       -50.05                   0
-2.645025150842659        -49.95                   0
-2.6421915111126473       -50.05                   0
-2.505813300798384        -49.95                   0
-2.5031288000013983       -50.05                   0
-2.3666014507541084       -49.95                   0
-2.3640660888901492       -50.05                   0
-2.227389600709833        -49.95                   0
-2.2250033777789002       -50.05                   0
-2.0881777506655577       -49.95                   0
-2.085940666667651        -50.05                   0
-1.9489659006212825       -49.95                   0
-1.9468779555564024       -50.05                   0
-1.8097540505770071       -49.95                   0
-1.8078152444451534       -50.05                   0
-1.6705422005327315       -49.95                   0
-1.6687525333339046       -50.05                   0
-1.5313303504884563       -49.95                   0
-1.5296898222226554       -50.04999999999998       0
-1.3921185004441812       -49.95                   0
-1.3906271111114064       -50.05                   0
-1.2529066503999056       -49.95                   0
-1.2515644000001576       -50.05                   0
-1.1136948003556302       -49.95                   0
-1.1125016888889083       -50.05                   0
-0.9744829503113548       -49.95                   0
-0.9734389777776593       -50.05                   0
-0.8352711002670795       -49.95                   0
-0.8343762666664103       -50.05                   0
-0.696059250222804        -49.95                   0
-0.6953135555551613       -50.05                   0
-0.5568474001785286       -49.95                   0
-0.5562508444439123       -50.05                   0
-0.41763555013425324      -49.95                   0
-0.41718813333266325      -50.05                   0
-0.27842370008997785      -49.95                   0
-0.27812542222141423      -50.05                   0
-0.13921185004570247      -49.95                   0
-0.13906271111016522      -50.05                   0
-1.4270806758531762E-12   -49.95                   0
1.0835776720341528E-12    -50.04999999999998       0
0.13906271111233393       -50.05                   0
0.13921185004284786       -49.95                   0
0.2781254222235834        -50.04999999999998       0
0.27842370008712325       -49.95                   0
0.41718813333483373       -50.05                   0
0.41763555013139864       -49.95                   0
0.5562508444460832        -50.05                   0
0.556847400175674         -49.95                   0
0.6953135555573335        -50.05                   0
0.6960592502199494        -49.95                   0
0.8343762666685831        -50.04999999999998       0
0.8352711002642248        -49.95                   0
0.9734389777798333        -50.05                   0
0.9744829503085003        -49.95                   0
1.1125016888910828        -50.04999999999998       0
1.1136948003527756        -49.95                   0
1.2515644000023332        -50.05                   0
1.252906650397051         -49.95                   0
1.3906271111135826        -50.05                   0
1.3921185004413263        -49.95                   0
1.529689822224833         -50.05                   0
1.531330350485602         -49.95                   0
1.6687525333360824        -50.05                   0
1.6705422005298773        -49.95                   0
1.807815244447333         -50.05                   0
1.8097540505741523        -49.95                   0
1.9468779555585822        -50.04999999999998       0
1.948965900618428         -49.95                   0
2.0859406666698326        -50.05                   0
2.088177750662703         -49.95                   0
2.225003377781082         -50.05                   0
2.2273896007069784        -49.95                   0
2.3640660888923324        -50.05                   0
2.366601450751254         -49.95                   0
2.503128800003582         -50.04999999999998       0
2.505813300795529         -49.95                   0
2.642191511114832         -50.05                   0
2.6450251508398046        -49.95                   0
2.7812542222260817        -50.04999999999998       0
2.78423700088408          -49.95                   0
2.920316933337332         -50.05                   0
2.9234488509283554        -49.95                   0
3.0593796444485815        -50.05                   0
3.0626607009726308        -49.95                   0
3.1984423555598314        -50.05                   0
3.2018725510169066        -49.95                   0
3.3375050666710813        -50.05                   0
3.341084401061182         -49.95                   0
3.4765677777823316        -50.05                   0
3.4802962511054574        -49.95                   0
3.6156304888935815        -50.05                   0
3.619508101149732         -49.95                   0
3.7546081803647575        -50.05                   0
3.7585519711297795        -49.95                   0
3.8889518082291215        -49.95                   0
3.8872472880758893        -50.04999999999998       0
3.9440497740762526        -49.99999999999999       0
3.9999999999999996        -49.95                   0
3.9999999999999996        -50.05                   0
-3.9440492261702715       50                       20.00000000000005
-3.9999999999999996       50.05                    20
-3.9999999999999996       49.95                    20
-3.889017732693371        50.05                    20
-3.8871791719877167       49.95                    20
-3.7586982529728674       50.05                    20
-3.75446080089116         49.95                    20
-3.6197318095521016       50.04999999999998        20
-3.615406780492928        49.95                    20
-3.48059452897428         50.05                    20
-3.4762694999151385       49.95                    20
-3.341457248396458        50.05                    20
-3.337132219337349        49.95                    20
-3.2023199678186365       50.05                    20
-3.1979949387595603       49.95                    20
-3.0631826872408143       50.05                    20
-3.0588576581817706       49.95                    20
-2.9240454066629926       50.04999999999998        20
-2.9197203776039813       49.95                    20
-2.784908126085171        50.05                    20
-2.780583097026192        49.95                    20
-2.6457708455073496       50.05                    20
-2.6414458164484027       49.95                    20
-2.5066335649295275       50.04999999999998        20
-2.5023085358706134       49.95                    20
-2.367496284351706        50.05                    20
-2.363171255292824        49.95                    20
-2.228359003773884        50.05                    20
-2.224033974715035        49.95                    20
-2.089221723196063        50.05                    20
-2.0848966941372455       49.95                    20
-1.9500844426182409       50.05                    20
-1.9457594135594565       49.95                    20
-1.810947162040419        50.04999999999998        20
-1.8066221329816672       49.95                    20
-1.6718098814625975       50.05                    20
-1.6674848524038781       49.95                    20
-1.532672600884776        50.05                    20
-1.5283475718260886       49.95                    20
-1.393535320306954        50.05                    20
-1.3892102912482993       49.95                    20
-1.254398039729132        50.05                    20
-1.25007301067051         49.95                    20
-1.1152607591513106       50.05                    20
-1.1109357300927207       49.95                    20
-0.9761234785734891       50.05                    20
-0.9717984495149314       49.95                    20
-0.8369861979956672       50.05                    20
-0.8326611689371423       49.95                    20
-0.6978489174178453       50.04999999999998        20
-0.6935238883593529       49.95                    20
-0.5587116368400238       50.05                    20
-0.5543866077815636       49.95                    20
-0.4195743562622023       50.05                    20
-0.41524932720377433      49.95                    20
-0.28043707568438037      50.05                    20
-0.276112046625985        49.95                    20
-0.14129979510655843      50.04999999999998        20
-0.1369747660481957       49.95                    20
-0.0021625145287369474    50.05                    20
0.0021625145295931514     49.95                    20
0.13697476604908387       50.05                    20
0.14129979510738222       49.95                    20
0.27611204662690514       50.05                    20
0.28043707568517084       49.95                    20
0.4152493272047264        50.05                    20
0.41957435626295947       49.95                    20
0.5543866077825477        50.05                    20
0.5587116368407485        49.95                    20
0.6935238883603689        50.05                    20
0.6978489174185376        49.95                    20
0.8326611689381902        50.05                    20
0.8369861979963262        49.95                    20
0.9717984495160115        50.05                    20
0.9761234785741149        49.95                    20
1.1109357300938327        50.05                    20
1.115260759151904         49.95                    20
1.250073010671654         50.05                    20
1.254398039729693         49.95                    20
1.3892102912494753        50.05                    20
1.3935353203074816        49.95                    20
1.5283475718272965        50.05                    20
1.5326726008852702        49.95                    20
1.667484852405118         50.05                    20
1.6718098814630593        49.95                    20
1.806622132982939         50.05                    20
1.8109471620408484        49.95000000000001        20
1.9457594135607603        50.04999999999998        20
1.950084442618637         49.95                    20
2.0848966941385814        50.04999999999998        20
2.0892217231964256        49.95                    20
2.2240339747164026        50.04999999999998        20
2.2283590037742145        49.95                    20
2.363171255294224         50.04999999999998        20
2.3674962843520038        49.95                    20
2.502308535872045         50.05                    20
2.506633564929792         49.95                    20
2.641445816449867         50.05                    20
2.645770845507581         49.949999999999996       20
2.7805830970276877        50.05                    20
2.78490812608537          49.95                    20
2.919720377605509         50.05                    20
2.924045406663159         49.95                    20
3.05885765818333          50.05                    20
3.0631826872409476        49.95                    20
3.1979949387611515        50.05                    20
3.202319967818737         49.95000000000001        20
3.337132219338973         50.05                    20
3.3414572483965252        49.95                    20
3.476269499916794         50.05                    20
3.4805945289743145        49.95                    20
3.6154067804946157        50.05                    20
3.6197318095521034        49.95                    20
3.7544608008911484        50.05                    20
3.7586982529728274        49.95                    20
3.887179171987713         50.05                    20
3.889017732693357         49.95                    20
3.9440492261702675        50                       20.00000000000005
3.9999999999999996        49.95                    20
3.9999999999999996        50.05                    20
